<?xml version="1.0" encoding="UTF-8" standalone="no"?>
<!DOCTYPE svg PUBLIC "-//W3C//DTD SVG 20010904//EN"
              "http://www.w3.org/TR/2001/REC-SVG-20010904/DTD/svg10.dtd">

<svg xmlns="http://www.w3.org/2000/svg"
     width="557.319mm" height="140.035mm"
     viewBox="0 0 1580 397">
  <path id="Zaznaczenie"
        fill="none" stroke="black" stroke-width="1"
        d="M 0.00,397.00
           C 0.00,397.00 44.00,397.00 44.00,397.00
             44.00,397.00 59.00,396.00 59.00,396.00
             59.00,396.00 183.00,396.00 183.00,396.00
             183.00,396.00 457.00,396.00 457.00,396.00
             457.00,396.00 472.00,395.00 472.00,395.00
             472.00,395.00 592.00,395.00 592.00,395.00
             592.00,395.00 855.00,395.00 855.00,395.00
             855.00,395.00 870.00,394.00 870.00,394.00
             870.00,394.00 1090.00,394.00 1090.00,394.00
             1090.00,394.00 1236.00,394.00 1236.00,394.00
             1236.00,394.00 1253.00,393.00 1253.00,393.00
             1253.00,393.00 1580.00,393.00 1580.00,393.00
             1580.00,393.00 1580.00,49.00 1580.00,49.00
             1574.94,51.35 1569.73,56.20 1565.00,59.57
             1558.88,63.95 1548.70,70.28 1542.00,73.63
             1508.71,90.28 1472.79,95.43 1436.00,95.00
             1436.00,95.00 1426.00,94.09 1426.00,94.09
             1389.35,91.57 1353.26,82.42 1319.00,69.19
             1319.00,69.19 1275.00,50.42 1275.00,50.42
             1275.00,50.42 1234.00,35.34 1234.00,35.34
             1206.51,26.56 1170.84,19.67 1142.00,20.00
             1142.00,20.00 1125.00,21.00 1125.00,21.00
             1119.27,21.07 1113.63,22.31 1108.00,23.25
             1075.71,28.63 1049.31,40.43 1021.00,56.42
             991.70,72.99 962.07,91.82 927.00,90.99
             908.97,90.56 895.39,82.90 880.00,74.78
             880.00,74.78 841.00,56.40 841.00,56.40
             817.35,46.93 798.68,41.94 774.00,36.35
             759.40,33.04 737.77,29.02 723.00,29.00
             723.00,29.00 699.00,29.00 699.00,29.00
             699.00,29.00 689.00,29.91 689.00,29.91
             670.01,31.21 651.73,34.20 633.00,37.58
             633.00,37.58 546.00,55.39 546.00,55.39
             546.00,55.39 494.00,62.17 494.00,62.17
             494.00,62.17 471.00,64.00 471.00,64.00
             433.82,64.43 396.62,60.05 361.00,48.98
             361.00,48.98 286.00,20.69 286.00,20.69
             257.22,10.67 226.37,4.13 196.00,1.91
             196.00,1.91 186.00,1.00 186.00,1.00
             186.00,1.00 150.00,1.00 150.00,1.00
             150.00,1.00 138.00,1.91 138.00,1.91
             104.71,4.24 71.94,12.39 41.00,24.80
             30.96,28.83 21.47,33.49 12.00,38.70
             8.94,40.38 2.75,43.26 1.02,46.21
             -0.21,48.31 0.00,51.61 0.00,54.00
             0.00,54.00 0.00,397.00 0.00,397.00 Z" />
</svg>
