<?xml version="1.0" encoding="UTF-8" standalone="no"?>
<!DOCTYPE svg PUBLIC "-//W3C//DTD SVG 20010904//EN"
              "http://www.w3.org/TR/2001/REC-SVG-20010904/DTD/svg10.dtd">

<svg xmlns="http://www.w3.org/2000/svg"
     width="557.319mm" height="64.903mm"
     viewBox="0 0 1580 184">
  <path id="Zaznaczenie"
        fill="none" stroke="black" stroke-width="1"
        d="M 0.00,169.00
           C 0.00,169.00 76.00,169.00 76.00,169.00
             76.00,169.00 91.00,170.00 91.00,170.00
             91.00,170.00 185.00,170.00 185.00,170.00
             185.00,170.00 200.00,171.00 200.00,171.00
             200.00,171.00 281.00,171.00 281.00,171.00
             281.00,171.00 296.00,172.00 296.00,172.00
             296.00,172.00 390.00,172.00 390.00,172.00
             390.00,172.00 405.00,173.00 405.00,173.00
             405.00,173.00 491.00,173.00 491.00,173.00
             491.00,173.00 506.00,174.00 506.00,174.00
             506.00,174.00 598.00,174.00 598.00,174.00
             598.00,174.00 613.00,175.00 613.00,175.00
             613.00,175.00 707.00,175.00 707.00,175.00
             707.00,175.00 722.00,176.00 722.00,176.00
             722.00,176.00 818.00,176.00 818.00,176.00
             818.00,176.00 833.00,177.00 833.00,177.00
             833.00,177.00 910.00,177.00 910.00,177.00
             910.00,177.00 925.00,178.00 925.00,178.00
             925.00,178.00 1018.00,178.00 1018.00,178.00
             1018.00,178.00 1033.00,179.00 1033.00,179.00
             1033.00,179.00 1122.00,179.00 1122.00,179.00
             1122.00,179.00 1137.00,180.00 1137.00,180.00
             1137.00,180.00 1236.00,180.00 1236.00,180.00
             1236.00,180.00 1251.00,181.00 1251.00,181.00
             1251.00,181.00 1324.00,181.00 1324.00,181.00
             1324.00,181.00 1339.00,182.00 1339.00,182.00
             1339.00,182.00 1447.00,182.00 1447.00,182.00
             1447.00,182.00 1462.00,183.00 1462.00,183.00
             1462.00,183.00 1553.00,183.00 1553.00,183.00
             1553.00,183.00 1565.00,183.96 1565.00,183.96
             1565.00,183.96 1580.00,183.96 1580.00,183.96
             1580.00,183.96 1580.00,49.00 1580.00,49.00
             1574.94,51.35 1569.73,56.20 1565.00,59.57
             1558.88,63.95 1548.70,70.28 1542.00,73.63
             1508.71,90.28 1472.79,95.43 1436.00,95.00
             1436.00,95.00 1426.00,94.09 1426.00,94.09
             1389.35,91.57 1353.26,82.42 1319.00,69.19
             1319.00,69.19 1275.00,50.42 1275.00,50.42
             1275.00,50.42 1234.00,35.34 1234.00,35.34
             1206.51,26.56 1170.84,19.67 1142.00,20.00
             1142.00,20.00 1125.00,21.00 1125.00,21.00
             1119.27,21.07 1113.63,22.31 1108.00,23.25
             1075.53,28.66 1050.53,40.02 1022.00,55.86
             991.30,72.90 969.54,88.41 933.00,90.91
             911.84,92.36 896.88,83.48 879.00,74.26
             879.00,74.26 843.00,57.20 843.00,57.20
             818.41,47.28 799.70,42.17 774.00,36.35
             759.40,33.04 737.77,29.02 723.00,29.00
             723.00,29.00 699.00,29.00 699.00,29.00
             699.00,29.00 689.00,29.91 689.00,29.91
             670.01,31.21 651.73,34.20 633.00,37.58
             633.00,37.58 546.00,55.39 546.00,55.39
             546.00,55.39 494.00,62.17 494.00,62.17
             494.00,62.17 471.00,64.00 471.00,64.00
             433.82,64.43 396.62,60.05 361.00,48.98
             361.00,48.98 261.00,13.15 261.00,13.15
             240.14,7.51 205.34,1.03 184.00,1.00
             184.00,1.00 150.00,1.00 150.00,1.00
             150.00,1.00 138.00,1.91 138.00,1.91
             103.07,4.35 64.89,13.68 33.00,28.23
             33.00,28.23 11.00,39.23 11.00,39.23
             8.13,40.79 2.65,43.42 1.02,46.21
             -0.21,48.31 0.00,51.61 0.00,54.00
             0.00,54.00 0.00,169.00 0.00,169.00 Z" />
</svg>
