<?xml version="1.0" encoding="UTF-8" standalone="no"?>
<!DOCTYPE svg PUBLIC "-//W3C//DTD SVG 20010904//EN"
              "http://www.w3.org/TR/2001/REC-SVG-20010904/DTD/svg10.dtd">

<svg xmlns="http://www.w3.org/2000/svg"
     width="557.319mm" height="165.785mm"
     viewBox="0 0 1580 470">
  <path id="Zaznaczenie"
        fill="none" stroke="black" stroke-width="1"
        d="M 0.00,470.00
           C 0.00,470.00 1580.00,470.00 1580.00,470.00
             1580.00,470.00 1580.00,8.00 1580.00,8.00
             1577.60,11.23 1576.11,13.94 1572.96,16.67
             1565.63,23.03 1540.98,32.30 1531.00,35.67
             1498.55,46.63 1465.88,57.33 1432.00,63.08
             1391.62,69.94 1360.21,74.06 1319.00,74.00
             1319.00,74.00 1298.00,73.00 1298.00,73.00
             1284.19,72.83 1248.97,67.66 1235.00,64.58
             1176.18,51.59 1157.11,34.29 1108.00,19.02
             1074.17,8.51 1040.21,3.32 1005.00,0.91
             1005.00,0.91 993.00,0.00 993.00,0.00
             993.00,0.00 952.00,0.00 952.00,0.00
             952.00,0.00 941.00,0.96 941.00,0.96
             901.44,2.68 852.20,10.19 814.00,20.74
             814.00,20.74 777.00,31.67 777.00,31.67
             777.00,31.67 747.00,41.58 747.00,41.58
             707.28,52.62 666.81,60.45 626.00,66.13
             626.00,66.13 566.00,72.09 566.00,72.09
             566.00,72.09 556.00,73.00 556.00,73.00
             556.00,73.00 536.00,74.00 536.00,74.00
             536.00,74.00 493.00,74.00 493.00,74.00
             493.00,74.00 480.00,73.04 480.00,73.04
             450.00,71.73 416.20,67.83 387.00,60.63
             387.00,60.63 338.00,45.95 338.00,45.95
             338.00,45.95 305.00,32.81 305.00,32.81
             305.00,32.81 262.00,18.42 262.00,18.42
             241.28,12.66 205.24,6.03 184.00,6.00
             184.00,6.00 148.00,6.00 148.00,6.00
             148.00,6.00 138.00,6.91 138.00,6.91
             101.63,9.45 65.25,18.70 32.00,33.70
             32.00,33.70 10.00,44.77 10.00,44.77
             7.33,46.22 2.55,48.59 1.02,51.21
             -0.21,53.31 0.00,56.61 0.00,59.00
             0.00,59.00 0.00,470.00 0.00,470.00 Z" />
</svg>
